1
C
7
20
55
0 0 -1 0 0 -1 0 0 -1 0 0 -1 0 0 -1 0 0 -1 0 0 -1 0 0 -1 0 0 -1 0 0 -1 0 0 -1 0 0 -1 0 0 -1 0 0 -1 0 0 -1 0 0 -1 0 0 -1 0 0 -1 0 0 -1 0 0 -1 
0 0 -1 0 0 -1 0 0 -1 0 0 -1 0 0 -1 0 0 -1 0 0 -1 0 0 -1 0 0 -1 0 0 -1 0 0 -1 0 0 -1 0 1 -1 0 0 -1 0 0 -1 0 0 -1 0 0 -1 0 0 -1 0 0 -1 0 0 -1 
0 1 -1 0 0 -1 0 0 -1 0 0 -1 0 1 -1 0 1 -1 0 1 -1 0 1 -1 0 0 -1 0 0 -1 0 0 -1 0 0 -1 1 0 47 0 0 -1 0 0 -1 0 0 -1 0 1 -1 0 0 -1 0 0 -1 0 0 -1 
3 0 9 0 0 -1 0 0 -1 0 0 -1 3 0 30 3 0 35 3 0 39 3 0 41 0 0 -1 0 1 -1 0 0 -1 0 0 -1 3 0 43 0 0 -1 0 0 -1 0 0 -1 3 0 53 0 1 -1 0 0 -1 0 0 -1 
1 0 8 0 1 -1 0 1 -1 0 1 -1 1 0 29 1 0 34 1 0 36 3 0 37 0 1 -1 1 0 38 0 1 -1 0 1 -1 1 0 42 0 1 -1 0 0 -1 0 1 -1 1 0 52 1 0 54 0 0 -1 0 1 -1 
1 0 6 3 0 26 1 0 4 1 0 31 1 0 16 1 0 14 3 0 18 3 0 28 3 0 20 3 0 33 1 0 48 1 0 45 1 0 40 3 0 46 0 1 -1 1 0 23 1 0 50 3 0 51 0 1 -1 3 0 11 
1 0 0 1 0 2 3 0 3 1 0 10 1 0 12 3 0 13 1 0 17 3 0 24 1 0 19 1 0 32 3 0 22 1 0 44 1 0 21 3 0 5 1 0 49 3 0 15 1 0 25 3 0 7 1 0 27 3 0 1 
