1
C
10
10
32
0 0 -1 0 0 -1 0 0 -1 0 0 -1 0 0 -1 0 0 -1 0 0 -1 0 0 -1 0 0 -1 0 0 -1 
0 0 -1 0 0 -1 0 0 -1 0 0 -1 0 0 -1 0 0 -1 0 0 -1 0 0 -1 0 0 -1 0 0 -1 
0 0 -1 0 0 -1 0 0 -1 0 0 -1 0 0 -1 0 0 -1 0 0 -1 0 0 -1 0 0 -1 0 0 -1 
0 0 -1 0 0 -1 0 0 -1 0 0 -1 0 0 -1 0 0 -1 0 0 -1 0 0 -1 0 0 -1 0 0 -1 
0 1 -1 0 0 -1 0 0 -1 0 0 -1 0 0 -1 0 0 -1 0 0 -1 0 0 -1 0 0 -1 0 0 -1 
1 0 12 0 0 -1 0 0 -1 0 1 -1 0 0 -1 0 1 -1 0 0 -1 0 1 -1 0 0 -1 0 0 -1 
3 0 11 0 0 -1 0 1 -1 3 0 29 0 1 -1 3 0 31 0 1 -1 3 0 21 0 0 -1 0 0 -1 
1 0 10 0 1 -1 3 0 7 1 0 28 3 0 27 1 0 30 3 0 17 1 0 20 0 1 -1 0 1 -1 
1 0 8 3 0 25 1 0 4 1 0 26 3 0 23 1 0 24 1 0 16 1 0 18 3 0 19 3 0 5 
1 0 0 1 0 2 3 0 3 1 0 6 3 0 15 1 0 22 1 0 14 3 0 9 3 0 13 3 0 1 
