1
P
10
13
-1 0 -1 0 -1 0 -1 0 -1 0 -1 0 0 0 -1 0 -1 0 -1 0 -1 0 -1 0 -1 0 
-1 0 -1 0 -1 0 -1 0 -1 0 -1 0 0 0 -1 0 -1 0 -1 0 -1 0 -1 0 -1 0 
-1 0 -1 0 -1 0 -1 0 -1 0 -1 0 0 0 -1 0 -1 0 -1 0 -1 0 -1 0 -1 0 
-1 0 -1 0 -1 0 -1 0 -1 0 0 0 0 1 0 0 -1 0 -1 0 -1 0 -1 0 -1 0 
-1 0 -1 0 -1 0 -1 0 -1 0 0 0 1 0 0 0 -1 0 -1 0 -1 0 -1 0 -1 0 
-1 0 -1 0 -1 0 -1 0 0 1 0 1 2 0 0 1 0 0 -1 0 -1 0 -1 0 -1 0 
-1 0 -1 0 -1 0 0 1 1 0 2 0 1 0 1 0 0 0 0 0 -1 0 -1 0 -1 0 
-1 0 -1 0 2 0 1 0 1 0 1 0 2 0 2 0 0 0 0 0 0 0 -1 0 -1 0 
-1 0 1 0 1 0 2 0 2 0 2 0 1 0 1 0 0 1 0 0 0 0 0 0 -1 0 
1 0 2 0 2 0 1 0 2 0 1 0 2 0 2 0 2 0 0 1 0 1 0 1 0 1 
