1
C
6
19
-1 0 -1 0 -1 0 0 0 -1 0 -1 0 -1 0 -1 0 -1 0 -1 0 0 0 -1 0 -1 0 -1 0 -1 0 -1 0 0 0 -1 0 -1 0 
-1 0 -1 0 0 0 0 0 0 0 -1 0 -1 0 -1 0 -1 0 0 0 0 0 0 0 -1 0 -1 0 -1 0 0 0 0 0 0 0 -1 0 
-1 0 3 0 0 0 0 0 0 0 0 0 -1 0 -1 0 0 0 0 0 0 0 0 0 0 0 -1 0 0 0 0 0 0 0 0 0 0 0 
0 1 1 0 0 1 0 0 0 0 0 0 0 0 0 0 0 0 0 0 0 0 0 0 0 0 0 0 0 0 0 0 0 0 0 0 0 0 
1 0 1 0 3 0 0 0 0 1 0 1 0 1 0 1 0 1 0 0 0 1 0 1 0 1 0 1 0 0 0 0 0 0 0 0 0 0 
1 0 3 0 1 0 0 1 1 0 1 0 3 0 1 0 3 0 0 1 1 0 3 0 3 0 3 0 0 1 0 1 0 1 0 1 0 1 
